Iter | Sampling Pol | Evaluation Pol | Best (Sampled) 
   0 -4871.58 -1519.05 -100000000.00 
   1 -4868.73 -3698.34 -4871.58 
   2 -4881.00 -4510.01 -4868.73 
   3 -4878.37 -4136.07 -4868.73 
   4 -4838.53 -4175.42 -4868.73 
   5 -4862.38 -3314.68 -4838.53 
   6 -4879.21 -4465.81 -4838.53 
   7 -4819.16 -4043.70 -4838.53 
   8 -4801.40 -3915.46 -4819.16 
   9 -4764.50 -3991.16 -4801.40 
  10 -4689.17 -3852.42 -4764.50 
  11 -4583.63 -3830.72 -4689.17 
  12 -4556.49 -2447.07 -4583.63 
  13 -4457.87 -2559.36 -4556.49 
  14 -4334.82 -2234.43 -4457.87 
  15 -4234.00 -2267.39 -4334.82 
  16 -4133.82 -2122.16 -4234.00 
  17 -3917.57 -2045.87 -4133.82 
  18 -3738.37 -2182.31 -3917.57 
  19 -3826.23 -2086.85 -3738.37 
  20 -3740.10 -2025.74 -3738.37 
  21 -3719.49 -2074.20 -3738.37 
  22 -3825.11 -2750.04 -3719.49 
  23 -3637.49 -1824.01 -3719.49 
  24 -3276.97 -1108.73 -3637.49 
  25 -3497.60 -1183.60 -3276.97 
  26 -3091.44 -1729.45 -3276.97 
  27 -2867.22 -1228.96 -3091.44 
  28 -2966.21 -1174.06 -2867.22 
  29 -2821.82 -388.64 -2867.22 
  30 -2561.05 -1339.51 -2821.82 
  31 -2764.31 -628.65 -2561.05 
  32 -2583.66 -528.73 -2561.05 
  33 -2831.53 -588.73 -2561.05 
  34 -2271.56 -1249.30 -2561.05 
  35 -2512.97 -713.67 -2271.56 
  36 -2315.75 -1229.28 -2271.56 
  37 -2385.68 -738.91 -2271.56 
  38 -2638.02 -728.53 -2271.56 
  39 -2294.26 -643.62 -2271.56 
  40 -2514.87 -768.73 -2271.56 
  41 -1908.85 -1048.89 -2271.56 
  42 -2029.13 -1288.97 -1908.85 
  43 -1835.00 -1203.90 -1908.85 
  44 -1927.55 -1369.04 -1835.00 
  45 -1840.27 -1253.90 -1835.00 
  46 -1913.95 -1574.20 -1835.00 
  47 -1915.81 -1073.97 -1835.00 
  48 -1909.22 -1228.98 -1835.00 
  49 -1857.34 -1679.14 -1835.00 
  50 -1749.29 -1083.79 -1835.00 
  51 -1577.48 -1754.18 -1749.29 
  52 -1501.14 -1724.09 -1577.48 
  53 -1342.57 -2169.37 -1501.14 
  54 -1651.45 -1759.07 -1342.57 
  55 -1518.38 -1654.15 -1342.57 
  56 -1241.10 -1564.06 -1342.57 
  57 -1791.69 -1919.23 -1241.10 
  58 -1618.58 -2069.30 -1241.10 
  59 -1337.27 -1789.15 -1241.10 
  60 -1424.65 -1553.99 -1241.10 
  61 -1434.24 -1859.24 -1241.10 
  62 -1246.30 -1238.86 -1241.10 
  63 -1162.85 -873.51 -1241.10 
  64 -1667.95 -933.53 -1162.85 
  65 -1432.12 -613.33 -1162.85 
  66 -1223.30 -818.53 -1162.85 
  67 -1134.65 -648.40 -1162.85 
  68 -741.81 -723.57 -1134.65 
  69 -1242.45 -628.67 -741.81 
  70 -1488.86 -1068.78 -741.81 
  71 -1454.21 -838.89 -741.81 
  72 -1393.61 -833.59 -741.81 
  73 -1369.57 -618.27 -741.81 
  74 -1053.19 -1158.73 -741.81 
  75 -1132.88 -803.65 -741.81 
  76 -1213.88 -898.67 -741.81 
  77 -920.47 -1043.68 -741.81 
  78 -1103.66 -1279.05 -741.81 
  79 -923.03 -1344.05 -741.81 
  80 -878.14 -1343.97 -741.81 
  81 -878.79 -1419.23 -741.81 
  82 -1045.87 -1169.00 -741.81 
  83 -922.08 -1217.27 -741.81 
  84 -771.69 -913.93 -741.81 
  85 -796.23 -638.20 -741.81 
  86 -774.11 -647.96 -741.81 
  87 -1068.78 -542.82 -741.81 
  88 -954.31 -618.06 -741.81 
  89 -866.41 -527.77 -741.81 
  90 -684.64 -688.30 -741.81 
  91 -888.13 -708.41 -684.64 
  92 -864.94 -407.82 -684.64 
  93 -949.66 -415.52 -684.64 
  94 -865.57 -477.42 -684.64 
  95 -985.44 -528.65 -684.64 
  96 -511.76 -404.04 -684.64 
  97 -881.90 -361.40 -511.76 
  98 -726.85 -622.92 -511.76 
  99 -669.04 -433.13 -511.76 
 100 -608.38 -472.98 -511.76 
 101 -833.42 -598.20 -511.76 
 102 -571.96 -407.76 -511.76 
 103 -926.17 -322.53 -511.76 
 104 -561.16 -327.68 -511.76 
 105 -653.68 -262.10 -511.76 
 106 -792.42 -236.45 -511.76 
 107 -710.49 -249.68 -511.76 
 108 -715.73 -240.30 -511.76 
 109 -768.29 -291.35 -511.76 
 110 -728.99 -306.12 -511.76 
 111 -570.13 -241.68 -511.76 
 112 -623.18 -216.04 -511.76 
 113 -725.28 -202.02 -511.76 
 114 -565.88 -207.37 -511.76 
 115 -638.87 -186.64 -511.76 
 116 -621.72 -159.12 -511.76 
 117 -531.98 -189.25 -511.76 
 118 -413.51 -205.82 -511.76 
 119 -765.29 -210.85 -413.51 
 120 -738.52 -642.20 -413.51 
 121 -903.96 -597.00 -413.51 
 122 -497.96 -163.92 -413.51 
 123 -784.73 -222.39 -413.51 
 124 -731.00 -164.18 -413.51 
 125 -735.19 -173.70 -413.51 
 126 -607.59 -136.62 -413.51 
 127 -444.03 -220.41 -413.51 
 128 -584.35 -240.85 -413.51 
 129 -505.51 -225.84 -413.51 
 130 -759.85 -230.75 -413.51 
 131 -411.13 -220.60 -413.51 
 132 -487.52 -220.64 -411.13 
 133 -654.11 -190.01 -411.13 
 134 -561.03 -202.67 -411.13 
 135 -605.34 -170.28 -411.13 
 136 -670.46 -228.03 -411.13 
 137 -558.17 -201.55 -411.13 
 138 -633.73 -218.25 -411.13 
 139 -704.82 -238.36 -411.13 
 140 -440.34 -239.84 -411.13 
 141 -848.79 -396.17 -411.13 
 142 -516.91 -194.85 -411.13 
 143 -656.22 -214.67 -411.13 
 144 -455.54 -219.03 -411.13 
 145 -524.84 -601.24 -411.13 
 146 -487.68 -905.19 -411.13 
 147 -525.39 -1475.61 -411.13 
 148 -500.34 -843.89 -411.13 
 149 -457.19 -549.67 -411.13 
 150 -420.55 -577.24 -411.13 
 151 -637.09 -500.16 -411.13 
 152 -254.13 -514.85 -411.13 
 153 -448.97 -603.49 -254.13 
 154 -592.71 -189.54 -254.13 
 155 -429.03 -393.42 -254.13 
 156 -483.45 -462.94 -254.13 
 157 -465.24 -118.78 -254.13 
 158 -532.19 -478.10 -254.13 
 159 -448.78 -448.83 -254.13 
 160 -503.72 -302.53 -254.13 
 161 -468.64 -183.47 -254.13 
 162 -497.45 -247.70 -254.13 
 163 -448.94 -220.79 -254.13 
 164 -407.78 -574.85 -254.13 
 165 -405.29 -700.40 -254.13 
 166 -373.32 -418.60 -254.13 
 167 -428.34 -515.99 -254.13 
 168 -569.99 -1018.42 -254.13 
 169 -456.67 -895.12 -254.13 
 170 -424.50 -425.62 -254.13 
 171 -394.04 -778.63 -254.13 
 172 -400.34 -1068.98 -254.13 
 173 -421.33 -850.35 -254.13 
 174 -306.44 -799.91 -254.13 
 175 -288.51 -974.16 -254.13 
 176 -221.35 -910.95 -254.13 
 177 -359.27 -918.42 -221.35 
 178 -381.22 -1022.11 -221.35 
 179 -448.51 -815.85 -221.35 
 180 -459.43 -494.81 -221.35 
 181 -223.18 -781.02 -221.35 
 182 -316.52 -754.51 -221.35 
 183 -329.57 -709.20 -221.35 
 184 -537.83 -670.42 -221.35 
 185 -405.51 -490.70 -221.35 
 186 -346.50 -213.88 -221.35 
 187 -240.80 -274.49 -221.35 
 188 -456.97 -349.41 -221.35 
 189 -444.04 -398.84 -221.35 
 190 -390.29 -393.93 -221.35 
 191 -145.61 -319.27 -221.35 
 192 -361.85 -365.45 -145.61 
 193 -270.86 -504.38 -145.61 
 194 -267.84 -501.50 -145.61 
 195 -344.28 -547.85 -145.61 
 196 -393.57 -631.74 -145.61 
 197 -362.58 -464.66 -145.61 
 198 -338.83 -190.94 -145.61 
 199 -240.14 -195.92 -145.61 
 200 -424.84 -172.37 -145.61 
 201 -281.85 -182.12 -145.61 
 202 -309.89 -241.04 -145.61 
 203 -313.88 -253.06 -145.61 
 204 -344.17 -289.88 -145.61 
 205 -372.67 -245.46 -145.61 
 206 -337.47 -361.68 -145.61 
 207 -276.68 -478.16 -145.61 
 208 -349.02 -381.19 -145.61 
 209 -395.71 -461.72 -145.61 
 210 -484.98 -294.14 -145.61 
 211 -235.91 -285.23 -145.61 
 212 -193.88 -160.63 -145.61 
 213 -302.07 -188.20 -145.61 
 214 -327.65 -302.28 -145.61 
 215 -436.20 -198.89 -145.61 
 216 -363.81 -156.89 -145.61 
 217 -248.15 -214.16 -145.61 
 218 -193.66 -109.43 -145.61 
 219 -362.97 -228.45 -145.61 
 220 -358.77 -145.64 -145.61 
 221 -263.82 -105.09 -145.61 
 222 -314.98 -184.30 -145.61 
 223 -218.97 -214.71 -145.61 
 224 -325.22 -303.44 -145.61 
 225 -238.31 -302.93 -145.61 
 226 -206.74 -195.55 -145.61 
 227 -393.93 -505.62 -145.61 
 228 -232.15 -295.08 -145.61 
 229 -394.91 -809.54 -145.61 
 230 -352.70 -455.19 -145.61 
 231 -261.30 -117.10 -145.61 
 232 -258.18 -149.32 -145.61 
 233 -392.49 -444.07 -145.61 
 234 -221.85 -166.73 -145.61 
 235 -293.12 -347.64 -145.61 
 236 -222.01 -132.62 -145.61 
 237 -190.76 -429.33 -145.61 
 238 -338.56 -876.73 -145.61 
 239 -203.66 -1029.76 -145.61 
 240 -190.63 -361.83 -145.61 
 241 -251.23 -506.12 -145.61 
 242 -308.84 -537.62 -145.61 
 243 -282.20 -773.03 -145.61 
 244 -209.32 -686.85 -145.61 
 245 -298.96 -944.14 -145.61 
 246 -290.90 -627.35 -145.61 
 247 -178.78 -779.37 -145.61 
 248 -196.40 -502.95 -145.61 
 249 -355.78 -490.02 -145.61 
 250 -246.30 -248.23 -145.61 
 251 -313.97 -304.25 -145.61 
 252 -286.96 -302.25 -145.61 
 253 -247.69 -270.08 -145.61 
 254 -254.13 -365.25 -145.61 
 255 -172.06 -495.12 -145.61 
 256 -301.25 -517.61 -145.61 
 257 -248.60 -540.14 -145.61 
 258 -243.32 -537.22 -145.61 
 259 -238.26 -674.23 -145.61 
 260 -198.18 -629.36 -145.61 
 261 -266.06 -638.19 -145.61 
 262 -149.04 -291.48 -145.61 
 263 -177.73 -502.97 -145.61 
 264 -181.81 -569.37 -145.61 
 265 -195.76 -412.55 -145.61 
 266 -257.48 -484.22 -145.61 
 267 -161.63 -423.94 -145.61 
 268 -115.40 -367.37 -145.61 
 269 -168.38 -142.47 -115.40 
 270 -169.87 -377.07 -115.40 
 271 -239.13 -366.35 -115.40 
 272 -198.09 -377.57 -115.40 
 273 -182.43 -365.79 -115.40 
 274 -265.51 -316.49 -115.40 
 275 -145.75 -255.59 -115.40 
 276 -148.85 -364.14 -115.40 
 277 -214.77 -733.73 -115.40 
 278 -290.80 -743.62 -115.40 
 279 -300.66 -858.40 -115.40 
 280 -244.35 -935.52 -115.40 
 281 -87.00 -840.83 -115.40 
 282 -149.31 -494.12 -87.00 
 283 -124.06 -384.41 -87.00 
 284 -180.92 -472.89 -87.00 
 285 -107.60 -405.77 -87.00 
 286 -130.14 -98.92 -87.00 
 287 -254.65 -332.65 -87.00 
 288 -95.61 -945.08 -87.00 
 289 -257.57 -723.32 -87.00 
 290 -194.16 -720.92 -87.00 
 291 -259.98 -601.20 -87.00 
 292 -156.24 -500.77 -87.00 
 293 -158.98 -121.38 -87.00 
 294 -223.85 -51.02 -87.00 
 295 -134.90 -135.85 -87.00 
 296 -230.33 -163.21 -87.00 
 297 -185.50 -209.41 -87.00 
 298 -222.49 -309.51 -87.00 
 299 -138.40 -239.61 -87.00 
 300 -232.63 -80.88 -87.00 
 301 -206.18 -72.78 -87.00 
 302 -262.15 -203.91 -87.00 
 303 -194.68 -100.91 -87.00 
 304 -129.48 -78.18 -87.00 
 305 -224.89 -75.47 -87.00 
 306 -159.26 -74.02 -87.00 
 307 -133.86 -62.71 -87.00 
 308 -197.42 -81.78 -87.00 
 309 -284.82 -172.21 -87.00 
 310 -183.12 -104.19 -87.00 
 311 -127.38 -225.50 -87.00 
 312 -230.03 -271.30 -87.00 
 313 -223.30 -163.81 -87.00 
 314 -238.22 -200.97 -87.00 
 315 -232.98 -90.04 -87.00 
 316 -290.09 -95.75 -87.00 
 317 -223.71 -69.00 -87.00 
 318 -368.09 -418.37 -87.00 
 319 -253.19 -71.11 -87.00 
 320 -312.95 -92.01 -87.00 
 321 -241.09 -81.07 -87.00 
 322 -290.57 -202.49 -87.00 
 323 -404.13 -256.65 -87.00 
 324 -262.89 -247.43 -87.00 
 325 -309.64 -197.77 -87.00 
 326 -327.51 -156.61 -87.00 
 327 -248.31 -280.28 -87.00 
 328 -238.43 -191.07 -87.00 
 329 -242.79 -292.04 -87.00 
 330 -233.19 -263.56 -87.00 
 331 -390.97 -263.86 -87.00 
 332 -286.46 -210.56 -87.00 
 333 -282.96 -171.08 -87.00 
 334 -97.14 -97.62 -87.00 
 335 -170.40 -100.21 -87.00 
 336 -269.75 -62.99 -87.00 
 337 -193.16 -94.45 -87.00 
 338 -172.86 -84.41 -87.00 
 339 -345.49 -112.48 -87.00 
 340 -104.84 -103.14 -87.00 
 341 -141.03 -109.85 -87.00 
 342 -255.22 -123.63 -87.00 
 343 -126.41 -148.60 -87.00 
 344 -233.48 -131.79 -87.00 
 345 -212.86 -123.88 -87.00 
 346 -109.57 -81.87 -87.00 
 347 -195.78 -93.91 -87.00 
 348 -268.72 -87.42 -87.00 
 349 -366.27 -94.56 -87.00 
 350 -209.38 -71.96 -87.00 
 351 -122.54 -78.70 -87.00 
 352 -163.63 -67.59 -87.00 
 353 -285.70 -65.82 -87.00 
 354 -214.36 -68.23 -87.00 
 355 -234.76 -127.30 -87.00 
 356 -259.71 -97.12 -87.00 
 357 -202.53 -426.95 -87.00 
 358 -408.10 -69.73 -87.00 
 359 -431.38 -428.67 -87.00 
 360 -235.03 -78.91 -87.00 
 361 -186.52 -87.64 -87.00 
 362 -186.03 -79.68 -87.00 
 363 -139.47 -82.43 -87.00 
 364 -150.77 -80.22 -87.00 
 365 -274.31 -86.99 -87.00 
 366 -149.30 -90.13 -87.00 
 367 -141.21 -76.13 -87.00 
 368 -103.92 -87.42 -87.00 
 369 -309.63 -76.32 -87.00 
 370 -227.74 -80.64 -87.00 
 371 -330.78 -79.51 -87.00 
 372 -186.06 -72.81 -87.00 
 373 -115.45 -75.46 -87.00 
 374 -215.92 -57.76 -87.00 
 375 -224.06 -72.23 -87.00 
 376 -211.82 -245.77 -87.00 
 377 -228.88 -137.51 -87.00 
 378 -197.43 -169.55 -87.00 
 379 -222.86 -281.45 -87.00 
 380 -231.46 -117.67 -87.00 
 381 -280.10 -90.81 -87.00 
 382 -179.91 -105.89 -87.00 
 383 -228.71 -103.65 -87.00 
 384 -294.43 -96.97 -87.00 
 385 -181.85 -105.86 -87.00 
 386 -243.19 -119.24 -87.00 
 387 -186.75 -156.42 -87.00 
 388 -167.21 -161.60 -87.00 
 389 -301.60 -134.25 -87.00 
 390 -229.15 -155.87 -87.00 
 391 -231.01 -119.23 -87.00 
 392 -185.46 -113.21 -87.00 
 393 -357.00 -158.21 -87.00 
 394 -301.13 -152.38 -87.00 
 395 -132.35 -120.73 -87.00 
 396 -292.16 -132.00 -87.00 
 397 -265.19 -160.53 -87.00 
 398 -127.30 -232.26 -87.00 
 399 -204.46 -175.97 -87.00 
 400 -214.43 -190.96 -87.00 
 401 -355.50 -139.75 -87.00 
 402 -211.01 -136.94 -87.00 
 403 -100.49 -173.19 -87.00 
 404 -237.94 -142.17 -87.00 
 405 -279.88 -135.58 -87.00 
 406 -282.32 -155.15 -87.00 
 407 -219.74 -96.31 -87.00 
 408 -176.62 -108.18 -87.00 
 409 -166.94 -97.97 -87.00 
 410 -191.75 -100.88 -87.00 
 411 -227.80 -115.26 -87.00 
 412 -200.60 -122.35 -87.00 
 413 -212.00 -93.65 -87.00 
 414 -253.39 -111.56 -87.00 
 415 -258.45 -121.63 -87.00 
 416 -347.00 -115.16 -87.00 
 417 -118.31 -166.43 -87.00 
 418 -229.26 -149.78 -87.00 
 419 -308.37 -127.95 -87.00 
 420 -254.50 -131.39 -87.00 
 421 -240.60 -119.84 -87.00 
 422 -120.94 -103.38 -87.00 
 423 -175.04 -192.74 -87.00 
 424 -222.51 -118.54 -87.00 
 425 -266.23 -170.32 -87.00 
 426 -163.03 -129.86 -87.00 
 427 -118.90 -136.20 -87.00 
 428 -147.34 -172.34 -87.00 
 429 -282.89 -151.92 -87.00 
 430 -128.58 -136.49 -87.00 
 431 -247.09 -186.75 -87.00 
 432 -250.14 -186.71 -87.00 
 433 -206.49 -166.64 -87.00 
 434 -414.89 -217.05 -87.00 
 435 -197.13 -222.14 -87.00 
 436 -215.08 -216.90 -87.00 
 437 -82.18 -216.76 -87.00 
 438 -178.91 -207.03 -82.18 
 439 -284.76 -186.81 -82.18 
 440 -212.75 -166.91 -82.18 
 441 -187.61 -191.79 -82.18 
 442 -101.70 -141.32 -82.18 
 443 -299.33 -126.88 -82.18 
 444 -304.05 -167.00 -82.18 
 445 -227.13 -146.85 -82.18 
 446 -125.56 -186.73 -82.18 
 447 -259.31 -156.81 -82.18 
 448 -110.02 -171.31 -82.18 
 449 -248.09 -141.78 -82.18 
 450 -291.08 -146.59 -82.18 
 451 -78.73 -120.89 -82.18 
 452 -104.40 -125.52 -78.73 
 453 -95.35 -130.03 -78.73 
 454 -56.97 -131.35 -78.73 
 455 -84.19 -146.75 -56.97 
 456 -85.14 -104.51 -56.97 
 457 -183.83 -140.05 -56.97 
 458 -65.13 -68.28 -56.97 
 459 -161.39 -122.45 -56.97 
 460 -203.90 -122.56 -56.97 
 461 -170.61 -82.07 -56.97 
 462 -106.69 -77.46 -56.97 
 463 -176.62 -145.08 -56.97 
 464 -127.72 -130.21 -56.97 
 465 -49.29 -113.88 -56.97 
 466 -49.00 -53.04 -49.29 
 467 -91.03 -101.15 -49.00 
 468 -162.95 -115.05 -49.00 
 469 -179.50 -134.96 -49.00 
 470 -117.53 -130.60 -49.00 
 471 -125.55 -120.65 -49.00 
 472 -157.17 -120.95 -49.00 
 473 -169.67 -115.62 -49.00 
 474 -135.44 -105.15 -49.00 
 475 -142.33 -111.19 -49.00 
 476 -134.44 -111.41 -49.00 
 477 -95.95 -104.74 -49.00 
 478 -121.33 -94.86 -49.00 
 479 -122.29 -95.00 -49.00 
 480 -243.78 -190.63 -49.00 
 481 -175.16 -106.02 -49.00 
 482 -219.00 -90.55 -49.00 
 483 -188.58 -110.09 -49.00 
 484 -145.17 -84.72 -49.00 
 485 -153.03 -110.86 -49.00 
 486 -234.19 -90.87 -49.00 
 487 -126.19 -101.10 -49.00 
 488 -101.31 -135.86 -49.00 
 489 -175.97 -129.23 -49.00 
 490 -242.56 -130.88 -49.00 
 491 -121.21 -119.63 -49.00 
 492 -249.45 -110.59 -49.00 
 493 -181.66 -104.25 -49.00 
 494 -57.57 -86.47 -49.00 
 495 -169.60 -84.60 -49.00 
 496 -94.42 -77.78 -49.00 
 497 -95.62 -100.34 -49.00 
 498 -185.80 -81.39 -49.00 
 499 -212.03 -90.31 -49.00 
 500 -87.57 -90.26 -49.00 
 501 -155.87 -79.87 -49.00 
 502 -192.71 -135.33 -49.00 
 503 -160.68 -180.02 -49.00 
 504 -125.32 -288.08 -49.00 
 505 -88.26 -110.51 -49.00 
 506 -145.96 -240.93 -49.00 
 507 -223.07 -164.20 -49.00 
 508 -162.01 -89.37 -49.00 
 509 -93.42 -141.10 -49.00 
 510 -115.80 -268.14 -49.00 
 511 -198.20 -182.23 -49.00 
 512 -156.68 -374.94 -49.00 
 513 -200.34 -328.88 -49.00 
 514 -156.34 -381.14 -49.00 
 515 -162.29 -215.96 -49.00 
 516 -156.12 -171.27 -49.00 
 517 -110.13 -152.86 -49.00 
 518 -110.13 -99.56 -49.00 
 519 -89.29 -31.14 -49.00 
 520 -101.36 -246.37 -49.00 
 521 -93.94 -104.42 -49.00 
 522 -180.19 -193.19 -49.00 
 523 -125.99 -85.12 -49.00 
 524 -150.77 -165.70 -49.00 
 525 -125.83 -53.83 -49.00 
 526 -107.27 -112.98 -49.00 
 527 -150.01 -56.00 -49.00 
 528 -193.87 -54.02 -49.00 
 529 -125.97 -387.88 -49.00 
 530 -92.98 -36.36 -49.00 
 531 -169.45 -58.78 -49.00 
 532 -93.51 -36.70 -49.00 
 533 -119.51 -98.80 -49.00 
 534 -55.01 -40.27 -49.00 
 535 -104.74 -56.77 -49.00 
 536 -36.02 -42.09 -49.00 
 537 -113.64 -172.23 -36.02 
 538 -140.85 -105.02 -36.02 
 539 -58.24 -134.79 -36.02 
 540 -181.33 -93.78 -36.02 
 541 -247.00 -221.19 -36.02 
 542 -66.57 -241.39 -36.02 
 543 -218.34 -283.38 -36.02 
 544 -121.23 -384.96 -36.02 
 545 -203.53 -77.27 -36.02 
 546 -159.59 -223.81 -36.02 
 547 -67.70 -162.98 -36.02 
 548 -91.34 -113.39 -36.02 
 549 -124.47 -45.61 -36.02 
 550 -102.33 -51.55 -36.02 
 551 -143.45 -38.46 -36.02 
 552 -121.51 -163.91 -36.02 
 553 -134.34 -37.63 -36.02 
 554 -119.97 -170.80 -36.02 
 555 -133.69 -29.13 -36.02 
 556 -181.31 -26.72 -36.02 
 557 -94.35 -25.33 -36.02 
 558 -109.86 -30.60 -36.02 
 559 -116.95 -45.38 -36.02 
 560 -209.19 -144.56 -36.02 
 561 -253.84 -22.87 -36.02 
 562 -132.82 -88.72 -36.02 
 563 -65.05 -162.61 -36.02 
 564 -179.67 -80.18 -36.02 
 565 -256.05 -228.87 -36.02 
 566 -135.51 -269.73 -36.02 
 567 -145.28 -255.09 -36.02 
 568 -118.66 -282.71 -36.02 
 569 -109.87 -257.34 -36.02 
 570 -265.28 -274.27 -36.02 
 571 -120.46 -226.00 -36.02 
 572 -73.40 -255.40 -36.02 
 573 -150.20 -228.90 -36.02 
 574 -209.80 -240.35 -36.02 
 575 -184.54 -251.20 -36.02 
 576 -265.47 -278.15 -36.02 
 577 -185.03 -230.74 -36.02 
 578 -195.44 -92.44 -36.02 
 579 -139.31 -181.18 -36.02 
 580 -98.58 -172.92 -36.02 
 581 -206.78 -181.10 -36.02 
 582 -211.33 -95.62 -36.02 
 583 -259.23 -282.92 -36.02 
 584 -166.64 -99.75 -36.02 
 585 -162.22 -22.22 -36.02 
 586 -228.50 -25.38 -36.02 
 587 -239.39 -54.40 -36.02 
 588 -227.30 -28.77 -36.02 
 589 -103.17 -76.18 -36.02 
 590 -308.00 -73.62 -36.02 
 591 -172.36 -17.12 -36.02 
 592 -232.31 -32.48 -36.02 
 593 -147.54 -19.46 -36.02 
 594 -128.28 -31.71 -36.02 
 595 -132.56 -163.31 -36.02 
 596 -125.14 -310.73 -36.02 
 597 -165.45 -289.63 -36.02 
 598 -210.03 -187.84 -36.02 
 599 -130.63 -150.42 -36.02 
 600 -104.49 -26.39 -36.02 
 601 -188.35 -201.86 -36.02 
 602 -173.21 -207.52 -36.02 
 603 -134.69 -181.87 -36.02 
 604 -238.73 -201.03 -36.02 
 605 -293.42 -171.84 -36.02 
 606 -176.56 -43.87 -36.02 
 607 -232.37 -106.58 -36.02 
 608 -165.48 -67.86 -36.02 
 609 -298.44 -72.10 -36.02 
 610 -297.59 -106.45 -36.02 
 611 -129.13 -58.06 -36.02 
 612 -83.94 -54.55 -36.02 
 613 -97.78 -39.86 -36.02 
 614 -232.41 -99.47 -36.02 
 615 -225.29 -267.70 -36.02 
 616 -275.16 -446.06 -36.02 
 617 -354.78 -49.11 -36.02 
 618 -173.35 -427.80 -36.02 
 619 -174.26 -300.57 -36.02 
 620 -233.50 -227.58 -36.02 
 621 -165.80 -299.48 -36.02 
 622 -202.06 -258.45 -36.02 
 623 -138.78 -322.48 -36.02 
 624 -120.00 -295.85 -36.02 
 625 -198.11 -297.98 -36.02 
 626 -186.74 -383.43 -36.02 
 627 -218.71 -290.18 -36.02 
 628 -160.35 -294.91 -36.02 
 629 -244.84 -303.50 -36.02 
 630 -230.73 -301.19 -36.02 
 631 -187.26 -199.57 -36.02 
 632 -136.98 -226.81 -36.02 
 633 -228.57 -204.75 -36.02 
 634 -189.28 -319.36 -36.02 
 635 -152.69 -284.45 -36.02 
 636 -176.09 -400.22 -36.02 
 637 -168.42 -515.17 -36.02 
 638 -147.15 -434.13 -36.02 
 639 -227.43 -435.53 -36.02 
 640 -135.44 -437.00 -36.02 
 641 -212.59 -342.51 -36.02 
 642 -178.57 -317.14 -36.02 
 643 -148.23 -366.05 -36.02 
 644 -111.90 -367.68 -36.02 
 645 -179.20 -252.34 -36.02 
 646 -236.05 -320.61 -36.02 
 647 -131.85 -528.14 -36.02 
 648 -267.67 -392.09 -36.02 
 649 -206.08 -437.59 -36.02 
 650 -75.75 -295.65 -36.02 
 651 -179.68 -298.84 -36.02 
 652 -75.30 -371.15 -36.02 
 653 -317.84 -211.01 -36.02 
 654 -192.83 -416.99 -36.02 
 655 -174.75 -277.63 -36.02 
 656 -198.04 -383.31 -36.02 
 657 -190.96 -268.84 -36.02 
 658 -211.23 -453.88 -36.02 
 659 -205.42 -302.90 -36.02 
 660 -242.14 -402.47 -36.02 
 661 -161.36 -295.07 -36.02 
 662 -52.41 -329.24 -36.02 
 663 -172.73 -324.58 -36.02 
 664 -235.00 -437.56 -36.02 
 665 -192.81 -398.62 -36.02 
 666 -244.86 -284.77 -36.02 
 667 -257.61 -333.87 -36.02 
 668 -255.85 -436.05 -36.02 
 669 -171.05 -455.29 -36.02 
 670 -161.93 -230.85 -36.02 
 671 -81.02 -516.11 -36.02 
 672 -179.75 -288.35 -36.02 
 673 -197.98 -339.40 -36.02 
 674 -250.83 -389.45 -36.02 
 675 -196.61 -609.07 -36.02 
 676 -89.19 -403.34 -36.02 
 677 -147.25 -315.41 -36.02 
 678 -309.35 -383.36 -36.02 
 679 -165.09 -396.43 -36.02 
 680 -191.80 -461.16 -36.02 
 681 -264.46 -305.05 -36.02 
 682 -269.96 -486.70 -36.02 
 683 -216.77 -444.49 -36.02 
 684 -201.38 -486.88 -36.02 
 685 -197.37 -411.65 -36.02 
 686 -271.45 -381.44 -36.02 
 687 -323.01 -514.24 -36.02 
 688 -204.07 -409.31 -36.02 
 689 -226.82 -458.72 -36.02 
 690 -156.82 -409.63 -36.02 
 691 -162.78 -446.63 -36.02 
 692 -255.46 -485.44 -36.02 
 693 -148.33 -540.09 -36.02 
 694 -112.52 -321.02 -36.02 
 695 -226.24 -262.45 -36.02 
 696 -152.03  1.03 -36.02 
 697 -200.18 -135.87 -36.02 
 698 -238.12 -172.84 -36.02 
 699 -190.65 -315.97 -36.02 
 700 -200.78 -46.86 -36.02 
 701 -256.60 -539.03 -36.02 
 702 -215.37 -244.07 -36.02 
 703 -201.65 -510.43 -36.02 
 704 -212.20 -545.30 -36.02 
 705 -146.00 -183.90 -36.02 
 706 -302.59 -351.21 -36.02 
 707 -313.04 -9.32 -36.02 
 708 -134.53 -244.37 -36.02 
 709 -271.55 -18.03 -36.02 
 710 -315.85 -236.09 -36.02 
 711 -261.67 -398.28 -36.02 
 712 -257.95 -139.79 -36.02 
 713 -311.47 -166.91 -36.02 
 714 -351.85 -135.23 -36.02 
 715 -323.39 -35.62 -36.02 
 716 -287.13 -582.11 -36.02 
 717 -172.55 -317.68 -36.02 
 718 -239.12  3.27 -36.02 
 719 -286.49 -227.71 -36.02 
 720 -326.17 -85.02 -36.02 
 721 -456.54 -304.42 -36.02 
 722 -498.49 -223.65 -36.02 
 723 -151.74 -355.55 -36.02 
 724 -266.49 -607.12 -36.02 
 725 -244.43 -535.54 -36.02 
 726 -360.87 -208.08 -36.02 
 727 -292.33 -548.17 -36.02 
 728 -325.16 -336.22 -36.02 
 729 -386.66 -40.53 -36.02 
 730 -112.70 -421.16 -36.02 
 731 -374.52 -646.69 -36.02 
 732 -389.85 -146.22 -36.02 
 733 -310.19 -618.79 -36.02 
 734 -253.41 -602.31 -36.02 
 735 -304.37 -629.87 -36.02 
 736 -336.45 -656.35 -36.02 
 737 -303.96 -510.18 -36.02 
 738 -263.50 -440.43 -36.02 
 739 -166.88 -264.35 -36.02 
 740 -314.84 -735.25 -36.02 
 741 -214.91 -741.76 -36.02 
 742 -198.48 -599.85 -36.02 
 743 -451.48 -681.24 -36.02 
 744 -367.54 -732.10 -36.02 
 745 -461.91 -781.99 -36.02 
 746 -406.56 -666.41 -36.02 
 747 -359.91 -348.92 -36.02 
 748 -377.69 -742.12 -36.02 
 749 -439.52 -794.69 -36.02 
 750 -450.76 -494.53 -36.02 
 751 -305.94 -614.28 -36.02 
 752 -354.36 -691.24 -36.02 
 753 -323.59 -413.16 -36.02 
 754 -349.83 -298.04 -36.02 
 755 -448.59 -694.17 -36.02 
 756 -353.22 -357.92 -36.02 
 757 -172.74 -57.37 -36.02 
 758 -333.93 -430.52 -36.02 
 759 -228.00 -44.03 -36.02 
 760 -258.95 -60.43 -36.02 
 761 -320.47 -311.15 -36.02 
 762 -280.70 -312.43 -36.02 
 763 -251.80 -361.61 -36.02 
 764 -285.60 -18.40 -36.02 
 765 -169.86 -274.09 -36.02 
 766 -302.34 -391.36 -36.02 
 767 -307.71 -114.71 -36.02 
 768 -221.22 -282.80 -36.02 
 769 -283.67 -642.70 -36.02 
 770 -256.88 -2.97 -36.02 
 771 -210.32 -322.56 -36.02 
 772 -145.71 -206.98 -36.02 
 773 -363.35 -40.29 -36.02 
 774 -304.14 -604.85 -36.02 
 775 -420.73 -395.66 -36.02 
 776 -280.30 -358.50 -36.02 
 777 -372.94 -386.95 -36.02 
 778 -244.74 -390.49 -36.02 
 779 -297.46 -365.19 -36.02 
 780 -367.32 -388.58 -36.02 
 781 -280.72 -297.31 -36.02 
 782 -214.34 -341.47 -36.02 
 783 -224.52 -572.28 -36.02 
 784 -497.71 -283.82 -36.02 
 785 -230.87 -235.38 -36.02 
 786 -297.03 -78.43 -36.02 
 787 -372.04 -269.93 -36.02 
 788 -501.94 -245.17 -36.02 
 789 -218.42 -356.89 -36.02 
 790 -387.75 -269.77 -36.02 
 791 -293.98 -245.01 -36.02 
 792 -298.54 -248.06 -36.02 
 793 -202.06 -326.59 -36.02 
 794 -281.98 -291.11 -36.02 
 795 -270.92 -327.40 -36.02 
 796 -318.08 -545.81 -36.02 
 797 -398.86 -423.69 -36.02 
 798 -368.51 -318.98 -36.02 
 799 -216.83 -179.56 -36.02 
 800 -316.69 -582.10 -36.02 
 801 -238.07 -317.69 -36.02 
 802 -313.78 -155.50 -36.02 
 803 -318.78 -61.48 -36.02 
 804 -463.45 -175.39 -36.02 
 805 -257.62 -236.10 -36.02 
 806 -233.78 -190.92 -36.02 
 807 -230.21 -398.48 -36.02 
 808 -249.38 -601.53 -36.02 
 809 -289.39 -494.18 -36.02 
 810 -194.37 -212.04 -36.02 
 811 -302.14 -126.64 -36.02 
 812 -226.28 -413.92 -36.02 
 813 -433.47 -387.80 -36.02 
 814 -155.79 -273.47 -36.02 
 815 -324.57 -141.38 -36.02 
 816 -254.22 -292.72 -36.02 
 817 -224.24 10.29 -36.02 
 818 -328.28 -40.01 -36.02 
 819 -374.83 -281.14 -36.02 
 820 -380.28 -220.82 -36.02 
 821 -203.43 -226.30 -36.02 
 822 -334.91 -378.33 -36.02 
 823 -314.42 -339.21 -36.02 
 824 -261.09 -279.45 -36.02 
 825 -328.47 -319.97 -36.02 
 826 -262.88 -295.24 -36.02 
 827 -307.01 -384.70 -36.02 
 828 -346.47 -378.46 -36.02 
 829 -289.70 -173.01 -36.02 
 830 -448.11 -386.06 -36.02 
 831 -332.34 -634.37 -36.02 
 832 -231.89 -425.61 -36.02 
 833 -231.38 -105.82 -36.02 
 834 -370.37 -259.45 -36.02 
 835 -383.04 -396.66 -36.02 
 836 -281.70 -283.96 -36.02 
 837 -251.52 -525.58 -36.02 
 838 -292.23 -271.57 -36.02 
 839 -273.05 -590.34 -36.02 
 840 -278.54 -585.09 -36.02 
 841 -323.19 -203.14 -36.02 
 842 -240.82 -439.03 -36.02 
 843 -226.60 -641.46 -36.02 
 844 -377.51 -464.66 -36.02 
 845 -272.67 -565.38 -36.02 
 846 -329.82 -374.74 -36.02 
 847 -324.64 -616.90 -36.02 
 848 -245.76 -203.43 -36.02 
 849 -432.87 -358.60 -36.02 
 850 -302.13 -447.81 -36.02 
 851 -302.93 -546.45 -36.02 
 852 -308.61 -618.27 -36.02 
 853 -236.75 -471.17 -36.02 
 854 -404.70 -697.68 -36.02 
 855 -240.36 -347.00 -36.02 
 856 -223.14 -432.68 -36.02 
 857 -321.07 -446.07 -36.02 
 858 -397.40 -304.83 -36.02 
 859 -259.33 -308.83 -36.02 
 860 -229.25 -488.23 -36.02 
 861 -163.89 -486.52 -36.02 
 862 -189.04 -400.92 -36.02 
 863 -296.75 -618.81 -36.02 
 864 -370.84 -526.71 -36.02 
 865 -174.34 -604.24 -36.02 
 866 -270.37 -538.15 -36.02 
 867 -289.87 -434.47 -36.02 
 868 -250.90 -712.45 -36.02 
 869 -350.53 -572.88 -36.02 
 870 -363.89 -684.60 -36.02 
 871 -316.08 -483.72 -36.02 
 872 -181.82 -259.41 -36.02 
 873 -331.10 -727.58 -36.02 
 874 -406.59 -481.67 -36.02 
 875 -253.98 -597.65 -36.02 
 876 -223.47 -400.09 -36.02 
 877 -256.43 -616.35 -36.02 
 878 -377.41 -346.51 -36.02 
 879 -193.18 -544.83 -36.02 
 880 -329.25 -535.30 -36.02 
 881 -284.15 -299.72 -36.02 
 882 -470.92 -551.03 -36.02 
 883 -295.85 -618.26 -36.02 
 884 -446.94 -621.92 -36.02 
 885 -322.54 -545.88 -36.02 
 886 -243.64 -339.77 -36.02 
 887 -295.32 -459.80 -36.02 
 888 -349.86 -278.78 -36.02 
 889 -184.54 -527.77 -36.02 
 890 -322.18 -260.81 -36.02 
 891 -138.50 -255.80 -36.02 
 892 -240.66 -312.15 -36.02 
 893 -269.02 -314.14 -36.02 
 894 -160.68 -604.12 -36.02 
 895 -249.93 -629.42 -36.02 
 896 -321.27 -769.31 -36.02 
 897 -300.28 -503.46 -36.02 
 898 -344.17 -320.06 -36.02 
 899 -282.28 -353.15 -36.02 
 900 -262.14 -691.99 -36.02 
 901 -211.26 -452.84 -36.02 
 902 -212.62 -532.54 -36.02 
 903 -310.00 -298.61 -36.02 
 904 -258.63 -508.23 -36.02 
 905 -298.36 -364.37 -36.02 
 906 -309.68 -430.94 -36.02 
 907 -417.82 -461.58 -36.02 
 908 -328.67 -477.78 -36.02 
 909 -179.96 -206.88 -36.02 
 910 -227.55 -138.82 -36.02 
 911 -316.79 -310.89 -36.02 
 912 -247.31 -425.03 -36.02 
 913 -403.34 -256.16 -36.02 
 914 -260.74 -212.12 -36.02 
 915 -283.79 -247.44 -36.02 
 916 -283.91 -291.74 -36.02 
 917 -252.83 -460.92 -36.02 
 918 -376.03 -564.42 -36.02 
 919 -379.66 -13.89 -36.02 
 920 -265.71 -403.69 -36.02 
 921 -412.66 -312.95 -36.02 
 922 -333.74 -415.47 -36.02 
 923 -347.69 -282.80 -36.02 
 924 -410.17 -642.41 -36.02 
 925 -229.38 -496.04 -36.02 
 926 -336.80 -487.49 -36.02 
 927 -251.63 -587.41 -36.02 
 928 -173.78 -91.17 -36.02 
 929 -411.98 -412.62 -36.02 
 930 -293.12 -528.82 -36.02 
 931 -319.55 -638.23 -36.02 
 932 -393.63 -485.99 -36.02 
 933 -156.29 -298.24 -36.02 
 934 -338.18 -323.68 -36.02 
 935 -293.48 -489.70 -36.02 
 936 -221.87 -400.16 -36.02 
 937 -360.34 -558.53 -36.02 
 938 -264.80 -488.95 -36.02 
 939 -279.24 -519.86 -36.02 
 940 -219.07 -289.17 -36.02 
 941 -337.49 -337.29 -36.02 
 942 -230.13 -479.92 -36.02 
 943 -217.24 -62.96 -36.02 
 944 -162.42 -508.06 -36.02 
 945 -246.57 -178.24 -36.02 
 946 -267.96 -400.46 -36.02 
 947 -352.09 -636.26 -36.02 
 948 -340.81 -606.17 -36.02 
 949 -228.45 -379.73 -36.02 
 950 -298.70 -134.79 -36.02 
 951 -245.33 -457.07 -36.02 
 952 -301.79 -433.27 -36.02 
 953 -333.90 -649.70 -36.02 
 954 -170.06 -689.77 -36.02 
 955 -343.05 -571.99 -36.02 
 956 -448.46 -96.70 -36.02 
 957 -194.52 -144.15 -36.02 
 958 -388.13 -728.33 -36.02 
 959 -319.25 -234.81 -36.02 
 960 -176.72 -409.96 -36.02 
 961 -216.85 -121.28 -36.02 
 962 -284.85 -424.62 -36.02 
 963 -162.05 -131.89 -36.02 
 964 -274.53 -161.42 -36.02 
 965 -240.48 -346.95 -36.02 
 966 -338.66 -463.66 -36.02 
 967 -149.47 -363.64 -36.02 
 968 -221.05 -169.23 -36.02 
 969 -212.25 -21.44 -36.02 
 970 -256.48 -432.86 -36.02 
 971 -420.96 -176.63 -36.02 
 972 -231.37 -202.43 -36.02 
 973 -248.78 -192.33 -36.02 
 974 -331.56 -51.85 -36.02 
 975 -363.53 -228.74 -36.02 
 976 -507.14 -92.31 -36.02 
 977 -310.52 -387.22 -36.02 
 978 -168.46 -83.51 -36.02 
 979 -245.71 -212.93 -36.02 
 980 -293.49 -157.31 -36.02 
 981 -186.95 -385.07 -36.02 
 982 -282.59 -51.18 -36.02 
 983 -311.56 -753.40 -36.02 
 984 -194.48 -123.50 -36.02 
 985 -154.61 -338.16 -36.02 
 986 -159.77 -481.13 -36.02 
 987 -258.94 -95.46 -36.02 
 988 -220.03 -247.33 -36.02 
 989 -189.92 -430.33 -36.02 
 990 -291.52 -613.23 -36.02 
 991 -234.42 -356.02 -36.02 
 992 -311.03 -390.50 -36.02 
 993 -307.23 -379.35 -36.02 
 994 -145.05 -43.85 -36.02 
 995 -223.89 -277.17 -36.02 
 996 -180.21 -432.77 -36.02 
 997 -203.54 -269.87 -36.02 
 998 -284.59 -236.22 -36.02 
 999 -221.45 -158.45 -36.02 
1000 -317.36 -183.77 -36.02 
1001 -333.64 -143.26 -36.02 
1002 -188.16 -197.51 -36.02 
1003 -348.90 -208.48 -36.02 
1004 -206.26 -575.86 -36.02 
1005 -308.81 -526.12 -36.02 
1006 -340.13 -437.01 -36.02 
1007 -296.11 -403.32 -36.02 
1008 -323.26 -577.37 -36.02 
1009 -254.41 -65.76 -36.02 
1010 -171.65 -70.33 -36.02 
1011 -315.92 -535.68 -36.02 
1012 -236.56 -169.43 -36.02 
1013 -319.27 -334.14 -36.02 
1014 -249.07 -354.31 -36.02 
1015 -157.18 -370.17 -36.02 
1016 -291.02 -498.11 -36.02 
1017 -143.39 -80.35 -36.02 
1018 -156.28 -360.15 -36.02 
1019 -389.32 -561.58 -36.02 
1020 -280.33 -137.24 -36.02 
1021 -366.72 -43.20 -36.02 
1022 -144.52 -468.25 -36.02 
1023 -191.88 -382.75 -36.02 
1024 -307.50 -382.37 -36.02 
1025 -369.72 -387.34 -36.02 
1026 -233.26 -449.12 -36.02 
1027 -228.42 -531.24 -36.02 
1028 -355.69 -560.41 -36.02 
1029 -301.44 -390.83 -36.02 
1030 -329.24 -833.24 -36.02 
1031 -298.79 -660.89 -36.02 
1032 -347.51 -566.01 -36.02 
1033 -350.34 -797.96 -36.02 
1034 -228.92 -761.45 -36.02 
1035 -425.38 -577.90 -36.02 
1036 -239.71 -811.88 -36.02 
1037 -254.61 -124.35 -36.02 
1038 -133.69 -530.12 -36.02 
1039 -309.91 -347.31 -36.02 
1040 -508.22 -259.97 -36.02 
1041 -387.23 -372.69 -36.02 
1042 -238.84 -413.38 -36.02 
1043 -326.13 -415.09 -36.02 
1044 -348.12 -347.86 -36.02 
1045 -267.66 -563.16 -36.02 
1046 -178.74 -662.71 -36.02 
1047 -218.04 -530.64 -36.02 
1048 -437.54 -463.60 -36.02 
1049 -268.36 -251.87 -36.02 
1050 -221.60 -223.23 -36.02 
1051 -247.16 -667.08 -36.02 
1052 -400.18 -741.58 -36.02 
1053 -207.64 -729.93 -36.02 
1054 -327.94 -466.46 -36.02 
1055 -222.18 -813.31 -36.02 
1056 -249.41 -263.08 -36.02 
1057 -278.31 -309.81 -36.02 
1058 -217.32 -631.15 -36.02 
1059 -234.17 -517.23 -36.02 
1060 -256.46 -635.79 -36.02 
1061 -286.46 -385.45 -36.02 
1062 -255.08 -618.69 -36.02 
1063 -269.05 -434.14 -36.02 
1064 -334.44 -186.05 -36.02 
1065 -215.15 -766.68 -36.02 
1066 -293.81 -529.91 -36.02 
1067 -330.20 -669.21 -36.02 
1068 -410.10 -606.01 -36.02 
1069 -115.61 -550.69 -36.02 
1070 -242.86 -495.75 -36.02 
1071 -163.01 -514.32 -36.02 
1072 -226.85 -288.69 -36.02 
1073 -186.44 -296.74 -36.02 
1074 -184.58 -605.72 -36.02 
1075 -355.85 -414.76 -36.02 
1076 -155.74 -428.44 -36.02 
1077 -248.83 -386.81 -36.02 
1078 -477.89 -318.89 -36.02 
1079 -341.31 -378.38 -36.02 
1080 -365.51 -386.76 -36.02 
1081 -360.95 -350.87 -36.02 
1082 -289.69 -143.02 -36.02 
1083 -244.20 -235.67 -36.02 
1084 -252.47 -176.12 -36.02 
1085 -306.56 -516.32 -36.02 
1086 -274.09 -173.06 -36.02 
1087 -247.85 -265.39 -36.02 
1088 -86.54 -428.59 -36.02 
1089 -120.70 -212.43 -36.02 
1090 -238.80 -254.68 -36.02 
1091 -268.18 -326.28 -36.02 
1092 -231.12 -518.83 -36.02 
1093 -345.13 -194.13 -36.02 
1094 -173.25 -306.04 -36.02 
1095 -274.99 -163.54 -36.02 
1096 -231.19 -165.19 -36.02 
1097 -196.30 -213.59 -36.02 
1098 -254.62 -180.02 -36.02 
1099 -194.59 -93.78 -36.02 
1100 -96.05 -196.66 -36.02 
1101 -203.68 -364.03 -36.02 
1102 -257.09 -194.28 -36.02 
1103 -233.82 -194.40 -36.02 
1104 -391.96 -207.75 -36.02 
1105 -174.53 -232.17 -36.02 
1106 -290.86 -190.69 -36.02 
1107 -245.66 -113.40 -36.02 
1108 -309.51 -212.81 -36.02 
1109 -277.14 -323.09 -36.02 
1110 -195.04 -429.71 -36.02 
1111 -153.18 -240.86 -36.02 
1112 -178.51 -212.00 -36.02 
1113 -228.82 -307.58 -36.02 
1114 -120.64 -115.39 -36.02 
1115 -213.75 -385.79 -36.02 
1116 -55.00 -427.06 -36.02 
1117 -208.56 -268.02 -36.02 
1118 -201.85 -196.83 -36.02 
1119 -172.95 -386.29 -36.02 
1120 -112.68 -190.19 -36.02 
1121 -150.44 -100.85 -36.02 
1122 -103.96 -279.08 -36.02 
1123 -216.55 -392.88 -36.02 
1124 -197.40 -518.52 -36.02 
1125 -144.77 -135.06 -36.02 
1126 -252.78 -505.16 -36.02 
1127 -188.94 -520.46 -36.02 
1128 -159.36 -480.12 -36.02 
1129 -172.69 -285.71 -36.02 
1130 -285.50 -215.10 -36.02 
1131 -122.82 -308.27 -36.02 
1132 -259.08 -524.92 -36.02 
1133 -221.10 -267.91 -36.02 
1134 -201.91 -907.35 -36.02 
1135 -203.24 -813.06 -36.02 
1136 -258.00 -738.09 -36.02 
1137 -229.32 -450.35 -36.02 
1138 -210.24 -370.72 -36.02 
1139 -227.67 -469.58 -36.02 
1140 -236.70 -562.61 -36.02 
1141 -355.55 -337.09 -36.02 
1142 -239.76 -347.10 -36.02 
1143 -326.91 -523.52 -36.02 
1144 -367.27 -428.59 -36.02 
1145 -186.59 -157.84 -36.02 
1146 -311.54 -231.39 -36.02 
1147 -321.74 -268.28 -36.02 
1148 -246.57 -459.34 -36.02 
1149 -220.52 -486.96 -36.02 
1150 -274.67 -471.07 -36.02 
1151 -325.56 -512.84 -36.02 
1152 -335.96 -687.08 -36.02 
1153 -329.78 -429.16 -36.02 
1154 -291.73 -146.41 -36.02 
1155 -152.21 -392.59 -36.02 
1156 -250.37 -186.69 -36.02 
1157 -237.71 -326.88 -36.02 
1158 -284.63 -237.41 -36.02 
1159 -349.55 -288.52 -36.02 
1160 -269.28 -205.27 -36.02 
1161 -296.46 -161.07 -36.02 
1162 -255.87 -606.49 -36.02 
1163 -293.42 -260.23 -36.02 
1164 -230.46 -389.81 -36.02 
1165 -178.96 -379.26 -36.02 
1166 -199.18 -596.09 -36.02 
1167 -389.79 -337.50 -36.02 
1168 -203.37 -410.90 -36.02 
1169 -313.12 -395.25 -36.02 
1170 -343.12 -316.96 -36.02 
1171 -245.79 -500.35 -36.02 
1172 -364.44 -437.29 -36.02 
1173 -179.19 -738.92 -36.02 
1174 -311.89 -414.36 -36.02 
1175 -235.85 -345.57 -36.02 
1176 -282.84 -341.04 -36.02 
1177 -241.42 -281.86 -36.02 
1178 -289.70 -416.15 -36.02 
1179 -208.11 -498.75 -36.02 
1180 -343.25 -390.97 -36.02 
1181 -162.44 -335.33 -36.02 
1182 -333.69 -324.65 -36.02 
1183 -154.75 -256.81 -36.02 
1184 -246.43 -368.75 -36.02 
1185 -192.90 -34.34 -36.02 
1186 -241.63 -158.64 -36.02 
1187 -347.71 -226.53 -36.02 
1188 -237.48 -213.21 -36.02 
1189 -214.58 -187.52 -36.02 
1190 -322.76 -59.05 -36.02 
1191 -262.03 -49.16 -36.02 
1192 -276.80 -102.01 -36.02 
1193 -214.64 -30.74 -36.02 
1194 -265.06 -474.28 -36.02 
1195 -245.38 -29.45 -36.02 
1196 -204.76 -310.95 -36.02 
1197 -318.60 -305.47 -36.02 
1198 -318.10 -445.43 -36.02 
1199 -247.05 -558.57 -36.02 
1200 -204.71 -316.82 -36.02 
1201 -303.23 -400.61 -36.02 
1202 -260.96 -81.10 -36.02 
1203 -171.52 -305.37 -36.02 
1204 -338.00 -64.24 -36.02 
1205 -398.91 -543.46 -36.02 
1206 -377.79 -326.60 -36.02 
1207 -343.02 -53.59 -36.02 
1208 -398.02 -370.19 -36.02 
1209 -344.24 -263.16 -36.02 
1210 -397.46 -72.65 -36.02 
1211 -159.10 -140.93 -36.02 
1212 -337.63 -190.08 -36.02 
1213 -301.66 -173.60 -36.02 
1214 -513.78 -283.96 -36.02 
1215 -404.09 -20.80 -36.02 
1216 -258.36 -130.39 -36.02 
1217 -335.29 -245.04 -36.02 
1218 -358.17 -28.78 -36.02 
1219 -306.96 -173.07 -36.02 
1220 -375.22 -312.46 -36.02 
1221 -297.54 -26.32 -36.02 
1222 -277.32 -163.27 -36.02 
1223 -277.03 -53.20 -36.02 
1224 -329.35 -406.66 -36.02 
1225 -346.90 -81.63 -36.02 
1226 -322.29 -33.07 -36.02 
1227 -234.52 -538.68 -36.02 
1228 -452.97 -189.97 -36.02 
1229 -395.13 -444.46 -36.02 
1230 -416.45 -558.69 -36.02 
1231 -294.66 -663.56 -36.02 
1232 -244.24 -911.48 -36.02 
1233 -251.83 -105.10 -36.02 
1234 -231.63 -552.84 -36.02 
1235 -407.37 -698.64 -36.02 
1236 -253.41 -452.71 -36.02 
1237 -323.59 -784.20 -36.02 
1238 -362.46 -83.18 -36.02 
1239 -323.22 -479.61 -36.02 
1240 -240.67 -502.62 -36.02 
1241 -367.98 -729.61 -36.02 
1242 -356.93 -402.13 -36.02 
1243 -312.73 -78.02 -36.02 
1244 -454.75 -445.51 -36.02 
1245 -287.57 -77.38 -36.02 
1246 -191.50 -269.42 -36.02 
1247 -178.95 -490.01 -36.02 
1248 -332.48 -45.89 -36.02 
1249 -299.38 -39.64 -36.02 
1250 -333.76 -163.16 -36.02 
1251 -304.48 -504.38 -36.02 
1252 -499.32 -36.91 -36.02 
1253 -306.98 -35.68 -36.02 
1254 -314.85 -334.86 -36.02 
1255 -490.11 -513.79 -36.02 
1256 -275.52 -185.79 -36.02 
1257 -324.68 -708.78 -36.02 
1258 -250.46 -689.73 -36.02 
1259 -477.88 -462.24 -36.02 
1260 -304.44 -638.41 -36.02 
1261 -243.56 -507.91 -36.02 
1262 -267.05 -530.38 -36.02 
1263 -261.84 -463.52 -36.02 
1264 -293.55 -907.42 -36.02 
1265 -512.99 -498.77 -36.02 
1266 -308.24 -475.31 -36.02 
1267 -246.33 -476.58 -36.02 
1268 -366.54 -445.70 -36.02 
1269 -422.66 -448.90 -36.02 
1270 -284.79 -472.81 -36.02 
1271 -312.99 -486.67 -36.02 
1272 -213.28 -474.49 -36.02 
1273 -177.06 -33.57 -36.02 
1274 -378.91 -33.38 -36.02 
1275 -337.94 -444.09 -36.02 
1276 -363.55 -33.14 -36.02 
1277 -346.31 -468.42 -36.02 
1278 -275.38 -114.00 -36.02 
1279 -296.27 -29.32 -36.02 
1280 -206.78 -451.14 -36.02 
1281 -332.92 -90.65 -36.02 
1282 -242.61 -498.59 -36.02 
1283 -291.44 -276.04 -36.02 
1284 -270.86 -492.38 -36.02 
1285 -300.87 -705.86 -36.02 
1286 -311.20 -460.20 -36.02 
1287 -351.30 -53.50 -36.02 
1288 -345.48 -493.81 -36.02 
1289 -290.94 -116.72 -36.02 
1290 -384.33 -202.00 -36.02 
1291 -249.14 -491.25 -36.02 
1292 -319.73 -641.50 -36.02 
1293 -358.96 -536.34 -36.02 
1294 -340.34 -105.91 -36.02 
1295 -293.26 -497.84 -36.02 
1296 -232.69 -469.75 -36.02 
1297 -325.09 -555.98 -36.02 
1298 -334.06 -36.36 -36.02 
1299 -297.11 -302.23 -36.02 
1300 -475.81 -498.55 -36.02 
1301 -428.05 -47.69 -36.02 
1302 -397.44 -503.36 -36.02 
1303 -429.35 -400.26 -36.02 
1304 -325.88 -495.41 -36.02 
1305 -277.49 -31.64 -36.02 
1306 -303.71 -509.87 -36.02 
1307 -431.53 -500.50 -36.02 
1308 -343.74 -490.77 -36.02 
1309 -294.52 -651.25 -36.02 
1310 -343.93 -496.65 -36.02 
1311 -481.83 -24.91 -36.02 
1312 -426.96 -39.67 -36.02 
1313 -350.92 -509.22 -36.02 
1314 -261.11 -502.37 -36.02 
1315 -270.79 -487.48 -36.02 
1316 -254.08 -506.35 -36.02 
1317 -405.60 -511.14 -36.02 
1318 -270.04 -513.69 -36.02 
1319 -353.29 -472.18 -36.02 
1320 -329.67 -511.39 -36.02 
1321 -361.19 -591.41 -36.02 
1322 -312.74 -43.20 -36.02 
1323 -380.25 -463.60 -36.02 
1324 -264.72 -510.38 -36.02 
1325 -381.96 -520.63 -36.02 
1326 -462.61 -498.51 -36.02 
1327 -395.09 -89.58 -36.02 
1328 -299.24 -144.16 -36.02 
1329 -342.91 -114.53 -36.02 
1330 -323.39 -119.58 -36.02 
1331 -312.74 -179.47 -36.02 
1332 -260.19 -146.59 -36.02 
1333 -415.96 -423.36 -36.02 
1334 -328.09 -195.58 -36.02 
1335 -313.50 -66.88 -36.02 
1336 -285.89 -118.95 -36.02 
1337 -401.46 -149.37 -36.02 
1338 -270.03 -304.17 -36.02 
1339 -368.32 -554.10 -36.02 
1340 -438.25 -585.71 -36.02 
1341 -395.62 -153.21 -36.02 
1342 -152.37 -585.94 -36.02 
1343 -218.74 -614.15 -36.02 
1344 -372.01 -125.84 -36.02 
1345 -303.43 -293.31 -36.02 
1346 -359.21 -47.05 -36.02 
1347 -184.10 -58.17 -36.02 
1348 -339.34 -133.99 -36.02 
1349 -248.70 -149.98 -36.02 
1350 -263.47 -102.96 -36.02 
1351 -257.70 -415.44 -36.02 
1352 -517.27 -280.43 -36.02 
1353 -270.87 -152.71 -36.02 
1354 -433.91 -152.47 -36.02 
1355 -387.52 -145.74 -36.02 
1356 -238.21 -164.72 -36.02 
1357 -344.84 -242.92 -36.02 
1358 -288.95 -232.16 -36.02 
1359 -276.43 -145.61 -36.02 
1360 -255.96 -166.07 -36.02 
1361 -357.57 -119.37 -36.02 
1362 -260.11 -154.34 -36.02 
1363 -386.84 -109.32 -36.02 
1364 -333.53 -162.72 -36.02 
1365 -257.30 -697.03 -36.02 
1366 -380.51 -305.80 -36.02 
1367 -271.35 -560.47 -36.02 
1368 -406.06 -673.72 -36.02 
1369 -423.67 -573.07 -36.02 
1370 -271.32 -524.62 -36.02 
1371 -394.72 -620.75 -36.02 
1372 -170.94 -46.05 -36.02 
1373 -357.24 -585.63 -36.02 
1374 -353.33 -46.51 -36.02 
1375 -413.36 -520.42 -36.02 
1376 -238.37 -543.54 -36.02 
1377 -368.94 -608.92 -36.02 
1378 -214.87 -497.18 -36.02 
1379 -278.48 -53.91 -36.02 
1380 -259.84 -518.39 -36.02 
1381 -250.58 -525.90 -36.02 
1382 -213.11 -462.89 -36.02 
1383 -253.84 -449.56 -36.02 
1384 -319.90 -515.36 -36.02 
1385 -312.14 -77.04 -36.02 
1386 -216.39 -106.50 -36.02 
1387 -191.70 -128.01 -36.02 
1388 -222.49 -407.48 -36.02 
1389 -206.68 -196.85 -36.02 
1390 -323.79 -357.72 -36.02 
1391 -391.69 -153.48 -36.02 
1392 -261.71 -191.86 -36.02 
1393 -315.95 -200.07 -36.02 
1394 -218.28 -275.23 -36.02 
1395 -240.59 -563.57 -36.02 
1396 -271.00 -152.42 -36.02 
1397 -183.35 -227.77 -36.02 
1398 -309.65 -212.48 -36.02 
1399 -359.76 -173.23 -36.02 
1400 -311.84 -332.20 -36.02 
1401 -246.42 -124.45 -36.02 
1402 -398.09 -103.65 -36.02 
1403 -172.84 -65.16 -36.02 
1404 -209.03 -48.63 -36.02 
1405 -262.04 -321.48 -36.02 
1406 -190.87 -153.67 -36.02 
1407 -287.40 -33.61 -36.02 
1408 -419.89 -516.51 -36.02 
1409 -425.89 -369.71 -36.02 
1410 -224.54 -415.89 -36.02 
1411 -130.29 -235.92 -36.02 
1412 -349.98 -439.46 -36.02 
1413 -308.09 -547.11 -36.02 
1414 -213.39 -270.58 -36.02 
1415 -293.37 -541.15 -36.02 
1416 -248.43 -37.97 -36.02 
1417 -377.68 -115.66 -36.02 
1418 -203.03 -143.84 -36.02 
1419 -348.17 -269.66 -36.02 
1420 -210.07 -180.07 -36.02 
1421 -222.24 -114.18 -36.02 
1422 -210.89 -98.87 -36.02 
1423 -290.39 -66.64 -36.02 
1424 -224.61 -227.48 -36.02 
1425 -317.98 -111.96 -36.02 
1426 -272.67 -466.41 -36.02 
1427 -241.64 -179.77 -36.02 
1428 -300.14 -524.88 -36.02 
1429 -429.17 -485.89 -36.02 
1430 -335.32 -575.97 -36.02 
1431 -193.78 -116.34 -36.02 
1432 -210.26 -89.98 -36.02 
1433 -339.06 -531.06 -36.02 
1434 -355.95 -510.00 -36.02 
1435 -514.05 -579.02 -36.02 
1436 -272.91 -470.72 -36.02 
1437 -378.30 -129.40 -36.02 
1438 -299.15 -570.69 -36.02 
1439 -362.86 -634.88 -36.02 
1440 -410.98 -569.85 -36.02 
1441 -323.39 -79.91 -36.02 
1442 -267.28 -135.65 -36.02 
1443 -319.54 -179.08 -36.02 
1444 -500.13 -467.95 -36.02 
1445 -374.36 -541.06 -36.02 
1446 -442.78 -338.26 -36.02 
1447 -282.87 -139.02 -36.02 
1448 -386.17 -369.50 -36.02 
1449 -308.37 -457.63 -36.02 
1450 -340.55 -542.70 -36.02 
1451 -210.21 -497.45 -36.02 
1452 -311.09 -321.70 -36.02 
1453 -320.35 -706.74 -36.02 
1454 -300.85 -477.58 -36.02 
1455 -329.56 -599.79 -36.02 
1456 -364.07 -568.28 -36.02 
1457 -401.94 -612.18 -36.02 
1458 -322.95 -612.80 -36.02 
1459 -422.48 -269.06 -36.02 
1460 -311.02 -701.57 -36.02 
1461 -403.17 -597.77 -36.02 
1462 -437.06 -612.24 -36.02 
1463 -216.87 -462.16 -36.02 
1464 -320.65 -200.38 -36.02 
1465 -328.14 -279.85 -36.02 
1466 -282.03 -206.91 -36.02 
1467 -482.59 -449.28 -36.02 
1468 -491.65 -774.23 -36.02 
1469 -312.35 -257.99 -36.02 
1470 -468.82 -558.38 -36.02 
1471 -489.81 -222.05 -36.02 
1472 -306.30 -257.09 -36.02 
1473 -439.20 -349.97 -36.02 
1474 -423.93 -105.13 -36.02 
1475 -331.97 -473.96 -36.02 
1476 -323.42 -71.39 -36.02 
1477 -261.47 -172.08 -36.02 
1478 -425.65 -655.27 -36.02 
1479 -296.47 -166.14 -36.02 
1480 -351.98 -614.16 -36.02 
1481 -310.85 -565.91 -36.02 
1482 -351.78 -257.75 -36.02 
1483 -262.29 -408.22 -36.02 
1484 -303.87 -109.36 -36.02 
1485 -297.58 -208.31 -36.02 
1486 -517.03 -152.10 -36.02 
1487 -262.98 -545.24 -36.02 
1488 -224.12 -161.25 -36.02 
1489 -236.08 -411.93 -36.02 
1490 -281.31 -180.95 -36.02 
1491 -246.64 -359.35 -36.02 
1492 -370.59 -124.91 -36.02 
1493 -290.95 -104.59 -36.02 
1494 -281.99 -395.11 -36.02 
1495 -274.45 -124.29 -36.02 
1496 -307.89 -235.34 -36.02 
1497 -318.20 -242.67 -36.02 
1498 -317.77 -84.88 -36.02 
1499 -355.37 -240.65 -36.02 
1500 -347.78 -211.44 -36.02 
1501 -419.30 -595.49 -36.02 
1502 -400.87 -122.43 -36.02 
1503 -403.81 -119.68 -36.02 
1504 -325.31 -205.25 -36.02 
1505 -214.91 -140.64 -36.02 
1506 -273.38 -475.76 -36.02 
1507 -256.75 -443.77 -36.02 
1508 -258.76 -473.86 -36.02 
1509 -220.92 -48.27 -36.02 
1510 -263.21 -84.79 -36.02 
1511 -383.98 -311.80 -36.02 
1512 -191.84 -347.29 -36.02 
1513 -278.56 -529.72 -36.02 
1514 -249.13 -749.38 -36.02 
1515 -136.31 -504.03 -36.02 
1516 -339.64 -536.01 -36.02 
1517 -352.38 -513.35 -36.02 
1518 -203.95 -522.43 -36.02 
1519 -305.61 -469.96 -36.02 
1520 -181.43 -490.55 -36.02 
1521 -288.76 -569.39 -36.02 
1522 -163.09 -524.16 -36.02 
1523 -282.50 -514.25 -36.02 
1524 -247.83 -467.29 -36.02 
1525 -243.85 -443.32 -36.02 
1526 -399.28 -491.17 -36.02 
1527 -255.31 -534.13 -36.02 
1528 -219.39 -818.91 -36.02 
1529 -326.13 -475.60 -36.02 
1530 -257.35 -449.22 -36.02 
1531 -185.65 -477.80 -36.02 
1532 -256.61 -498.65 -36.02 
1533 -244.33 -562.26 -36.02 
1534 -269.19 -475.98 -36.02 
1535 -328.30 -463.94 -36.02 
1536 -203.34 -880.00 -36.02 
1537 -273.87 -487.76 -36.02 
1538 -237.81 -470.08 -36.02 
1539 -334.65 -331.57 -36.02 
1540 -425.08 -565.18 -36.02 
1541 -175.91 -890.04 -36.02 
1542 -340.78 -442.30 -36.02 
1543 -318.68 -468.61 -36.02 
1544 -242.07 -508.59 -36.02 
1545 -215.09 -478.41 -36.02 
1546 -300.63 -432.41 -36.02 
1547 -252.73 -451.93 -36.02 
1548 -312.90 -507.13 -36.02 
1549 -287.46 -559.18 -36.02 
1550 -357.77 -558.05 -36.02 
1551 -334.87 -464.52 -36.02 
1552 -294.88 -481.71 -36.02 
1553 -203.66 -461.46 -36.02 
1554 -366.21 -479.81 -36.02 
1555 -562.32 -471.75 -36.02 
1556 -223.44 -450.94 -36.02 
1557 -265.50 -453.02 -36.02 
1558 -149.08 -498.03 -36.02 
1559 -387.09 -454.32 -36.02 
1560 -398.69 -463.76 -36.02 
1561 -329.11 -505.57 -36.02 
1562 -273.48 -474.37 -36.02 
1563 -528.75 -457.40 -36.02 
1564 -542.91 -467.78 -36.02 
1565 -234.70 -906.30 -36.02 
1566 -261.68 -940.86 -36.02 
1567 -461.82 -912.40 -36.02 
1568 -335.65 -1106.60 -36.02 
1569 -245.58 -455.97 -36.02 
1570 -213.84 -487.21 -36.02 
1571 -184.35 -629.55 -36.02 
1572 -309.35 -554.10 -36.02 
1573 -307.40 -555.68 -36.02 
1574 -324.98 -484.07 -36.02 
1575 -345.92 -474.97 -36.02 
1576 -160.27 -567.00 -36.02 
1577 -348.09 -542.92 -36.02 
1578 -236.43 -353.60 -36.02 
1579 -316.47 -546.82 -36.02 
1580 -299.10 -582.96 -36.02 
1581 -262.56 -578.26 -36.02 
1582 -217.99 -472.63 -36.02 
1583 -270.36 -375.47 -36.02 
1584 -263.40 -410.71 -36.02 
1585 -250.70 -502.35 -36.02 
1586 -274.78 -543.51 -36.02 
1587 -299.97 -492.58 -36.02 
1588 -364.00 -774.54 -36.02 
1589 -319.89 -497.20 -36.02 
1590 -329.00 -483.14 -36.02 
1591 -300.90 -507.66 -36.02 
1592 -271.84 -509.78 -36.02 
1593 -219.21 -593.39 -36.02 
1594 -214.29 -495.19 -36.02 
1595 -247.75 -682.99 -36.02 
1596 -292.42 -558.38 -36.02 
1597 -354.81 -480.42 -36.02 
1598 -311.12 -500.59 -36.02 
1599 -246.80 -652.86 -36.02 
1600 -235.69 -454.95 -36.02 
1601 -291.96 -498.60 -36.02 
1602 -318.02 -457.96 -36.02 
1603 -406.28 -380.92 -36.02 
1604 -251.50 -478.94 -36.02 
1605 -234.05 -478.46 -36.02 
1606 -182.04 -567.29 -36.02 
1607 -304.86 -567.24 -36.02 
1608 -290.61 -552.06 -36.02 
1609 -346.38 -491.85 -36.02 
1610 -254.31 -463.62 -36.02 
1611 -357.49 -477.80 -36.02 
1612 -277.72 -488.80 -36.02 
1613 -200.35 -435.89 -36.02 
1614 -265.79 -474.83 -36.02 
1615 -336.82 -449.04 -36.02 
1616 -233.84 -483.07 -36.02 
1617 -275.23 -527.96 -36.02 
1618 -350.56 -483.45 -36.02 
1619 -311.71 -641.66 -36.02 
1620 -417.28 -454.27 -36.02 
1621 -187.01 -476.86 -36.02 
1622 -217.52 -495.74 -36.02 
1623 -299.57 -321.97 -36.02 
1624 -316.12 -528.27 -36.02 
1625 -191.64 -459.20 -36.02 
1626 -386.49 -515.87 -36.02 
1627 -332.46 -500.79 -36.02 
1628 -200.60 -474.73 -36.02 
1629 -158.99 -479.28 -36.02 
1630 -232.59 -452.73 -36.02 
1631 -458.84 -488.99 -36.02 
1632 -259.40 -896.73 -36.02 
1633 -301.88 -790.13 -36.02 
1634 -280.19 -444.78 -36.02 
1635 -247.34 -458.18 -36.02 
1636 -247.61 -366.97 -36.02 
1637 -398.38 -768.57 -36.02 
1638 -265.90 -474.02 -36.02 
1639 -299.72 -890.34 -36.02 
1640 -278.22 -472.26 -36.02 
1641 -145.31 -649.83 -36.02 
1642 -261.42 -647.85 -36.02 
1643 -352.40 -877.19 -36.02 
1644 -321.46 -493.80 -36.02 
1645 -187.39 -782.67 -36.02 
1646 -300.41 -608.54 -36.02 
1647 -278.18 -609.60 -36.02 
1648 -327.30 -553.86 -36.02 
1649 -228.28 -558.77 -36.02 
1650 -207.16 -802.45 -36.02 
1651 -274.80 -490.40 -36.02 
1652 -434.96 -512.48 -36.02 
1653 -244.55 -574.22 -36.02 
1654 -235.73 -472.95 -36.02 
1655 -241.11 -468.39 -36.02 
1656 -319.41 -459.42 -36.02 
1657 -312.51 -468.93 -36.02 
1658 -331.84 -1141.42 -36.02 
1659 -393.68 -454.00 -36.02 
1660 -311.59 -471.05 -36.02 
1661 -184.46 -476.50 -36.02 
1662 -355.84 -459.15 -36.02 
1663 -242.83 -482.50 -36.02 
1664 -329.59 -472.05 -36.02 
1665 -195.95 -482.27 -36.02 
1666 -227.42 -448.71 -36.02 
1667 -255.41 -666.48 -36.02 
1668 -164.18 -523.02 -36.02 
1669 -344.81 -897.58 -36.02 
1670 -347.08 -456.81 -36.02 
1671 -231.18 -1333.95 -36.02 
1672 -257.67 -459.52 -36.02 
1673 -425.69 -606.26 -36.02 
1674 -319.37 -508.86 -36.02 
1675 -229.72 -467.25 -36.02 
1676 -363.91 -1380.53 -36.02 
1677 -384.48 -475.93 -36.02 
1678 -269.99 -580.57 -36.02 
1679 -397.99 -616.15 -36.02 
1680 -339.44 -456.34 -36.02 
1681 -404.02 -614.89 -36.02 
1682 -321.31 -1005.92 -36.02 
1683 -269.29 -945.87 -36.02 
1684 -363.61 -885.20 -36.02 
1685 -319.24 -639.20 -36.02 
1686 -375.10 -648.84 -36.02 
1687 -213.77 -873.43 -36.02 
1688 -358.19 -611.06 -36.02 
1689 -325.00 -1000.01 -36.02 
1690 -339.51 -544.01 -36.02 
1691 -182.37 -472.07 -36.02 
1692 -191.02 -547.77 -36.02 
1693 -225.89 -598.91 -36.02 
1694 -161.54 -720.24 -36.02 
1695 -278.95 -591.49 -36.02 
1696 -300.77 -985.87 -36.02 
1697 -311.86 -836.20 -36.02 
1698 -324.37 -581.85 -36.02 
1699 -339.38 -513.15 -36.02 
1700 -258.66 -460.39 -36.02 
1701 -350.22 -499.62 -36.02 
1702 -291.06 -491.16 -36.02 
1703 -242.63 -440.00 -36.02 
1704 -305.88 -644.34 -36.02 
1705 -306.28 -466.17 -36.02 
1706 -307.28 -728.34 -36.02 
1707 -312.86 -448.29 -36.02 
1708 -369.61 -679.65 -36.02 
1709 -273.32 -506.60 -36.02 
1710 -365.24 -1085.04 -36.02 
1711 -214.55 -490.89 -36.02 
1712 -164.07 -675.70 -36.02 
1713 -213.81 -459.65 -36.02 
1714 -404.30 -445.04 -36.02 
1715 -191.57 -492.93 -36.02 
1716 -349.24 -472.44 -36.02 
1717 -182.78 -680.40 -36.02 
1718 -272.78 -531.24 -36.02 
1719 -378.75 -561.74 -36.02 
1720 -473.31 -835.14 -36.02 
1721 -331.17 -564.22 -36.02 
1722 -345.15 -514.61 -36.02 
1723 -262.39 -678.39 -36.02 
1724 -246.78 -624.36 -36.02 
1725 -342.46 -565.73 -36.02 
1726 -424.35 -517.11 -36.02 
1727 -258.23 -472.97 -36.02 
1728 -254.80 -479.24 -36.02 
1729 -254.60 -601.51 -36.02 
1730 -170.05 -513.67 -36.02 
1731 -547.57 -482.47 -36.02 
1732 -364.52 -474.90 -36.02 
1733 -234.36 -471.62 -36.02 
1734 -305.70 -484.67 -36.02 
1735 -228.02 -465.50 -36.02 
1736 -308.11 -481.49 -36.02 
1737 -260.92 -528.41 -36.02 
1738 -240.00 -527.40 -36.02 
1739 -194.93 -784.62 -36.02 
1740 -287.37 -537.85 -36.02 
1741 -356.48 -496.10 -36.02 
1742 -299.62 -501.14 -36.02 
1743 -347.76 -888.54 -36.02 
1744 -330.90 -872.89 -36.02 
1745 -132.79 -516.47 -36.02 
1746 -165.98 -488.44 -36.02 
1747 -203.94 -791.08 -36.02 
1748 -254.11 -525.85 -36.02 
1749 -376.92 -503.47 -36.02 
1750 -365.34 -511.85 -36.02 
1751 -189.58 -509.01 -36.02 
1752 -213.84 -504.10 -36.02 
1753 -403.43 -511.32 -36.02 
1754 -304.61 -452.49 -36.02 
1755 -402.02 -436.44 -36.02 
1756 -307.02 -448.52 -36.02 
1757 -301.74 -421.85 -36.02 
1758 -230.12 -496.97 -36.02 
1759 -307.32 -456.44 -36.02 
1760 -362.39 -435.87 -36.02 
1761 -97.47 -903.54 -36.02 
1762 -327.90 -458.25 -36.02 
1763 -175.19 -444.46 -36.02 
1764 -453.43 -454.52 -36.02 
1765 -147.68 -891.11 -36.02 
1766 -397.15 -759.58 -36.02 
1767 -377.06 -873.94 -36.02 
1768 -281.96 -492.90 -36.02 
1769 -267.54 -498.23 -36.02 
1770 -327.19 -530.07 -36.02 
1771 -423.48 -781.14 -36.02 
1772 -355.24 -550.41 -36.02 
1773 -155.24 -911.94 -36.02 
1774 -266.69 -550.23 -36.02 
1775 -373.41 -540.32 -36.02 
1776 -371.93 -531.89 -36.02 
1777 -197.01 -559.81 -36.02 
1778 -353.17 -517.25 -36.02 
1779 -220.52 -575.78 -36.02 
1780 -394.44 -559.16 -36.02 
1781 -301.47 -509.10 -36.02 
1782 -192.85 -481.55 -36.02 
1783 -303.02 -491.29 -36.02 
1784 -142.87 -661.16 -36.02 
1785 -286.20 -486.73 -36.02 
1786 -294.73 -444.87 -36.02 
1787 -296.33 -492.29 -36.02 
1788 -174.89 -560.69 -36.02 
1789 -339.82 -506.15 -36.02 
1790 -186.62 -520.54 -36.02 
1791 -233.03 -525.16 -36.02 
1792 -345.77 -469.54 -36.02 
1793 -346.15 -447.34 -36.02 
1794 -313.24 -536.00 -36.02 
1795 -372.77 -446.75 -36.02 
1796 -236.91 -548.17 -36.02 
1797 -324.52 -517.55 -36.02 
1798 -188.78 -542.20 -36.02 
1799 -296.96 -535.46 -36.02 
1800 -335.79 -615.35 -36.02 
1801 -282.31 -510.40 -36.02 
1802 -321.95 -500.65 -36.02 
1803 -441.68 -536.84 -36.02 
1804 -395.86 -556.18 -36.02 
1805 -204.43 -513.85 -36.02 
1806 -320.00 -526.08 -36.02 
1807 -297.43 -538.66 -36.02 
1808 -361.91 -878.33 -36.02 
1809 -390.21 -525.16 -36.02 
1810 -381.62 -521.75 -36.02 
1811 -433.69 -535.69 -36.02 
1812 -278.20 -575.30 -36.02 
1813 -345.66 -571.52 -36.02 
1814 -313.65 -525.58 -36.02 
1815 -284.81 -515.31 -36.02 
1816 -354.87 -526.08 -36.02 
1817 -286.31 -722.72 -36.02 
1818 -377.03 -512.17 -36.02 
1819 -396.16 -909.29 -36.02 
1820 -301.00 -498.09 -36.02 
1821 -252.79 -515.31 -36.02 
1822 -373.20 -556.61 -36.02 
1823 -308.05 -515.64 -36.02 
1824 -326.19 -507.07 -36.02 
1825 -317.95 -491.87 -36.02 
1826 -296.23 -513.96 -36.02 
1827 -434.54 -564.48 -36.02 
1828 -300.05 -536.80 -36.02 
1829 -422.81 -577.68 -36.02 
1830 -390.49 -546.35 -36.02 
1831 -206.49 -533.76 -36.02 
1832 -250.06 -527.04 -36.02 
1833 -274.55 -553.75 -36.02 
1834 -506.40 -610.20 -36.02 
1835 -238.94 -836.12 -36.02 
1836 -414.45 -524.05 -36.02 
1837 -421.26 -547.56 -36.02 
1838 -307.30 -516.08 -36.02 
1839 -220.79 -567.92 -36.02 
1840 -388.42 -557.12 -36.02 
1841 -305.49 -607.78 -36.02 
1842 -378.32 -541.55 -36.02 
1843 -241.67 -534.36 -36.02 
1844 -303.19 -534.15 -36.02 
1845 -315.13 -526.28 -36.02 
1846 -352.69 -537.15 -36.02 
1847 -182.60 -540.37 -36.02 
1848 -399.06 -609.92 -36.02 
1849 -427.29 -550.39 -36.02 
